p                    e                    inc                  ape                  ran                  mass                 time                 true longitude       
 
0.02955013007        0.7306               0.4974188368         0                    0                    1200                 0                    0                    
0.02955014645        0.7306009591         0.4974187792         8.089657528e-09      -1.053734561e-09     1199.999803          0.0001293404308      0.01745329252       
0.02955402499        0.7307219478         0.4974149308         0.0001585454859      -6.035696779e-06     1199.965574          0.02257347026        1.762782545         
0.02971823375        0.7294290649         0.4953874218         0.0006384154932      0.0004750406366      1199.512485          0.3196670278         3.508111797         
0.0297633288         0.7292797714         0.4950383562         3.734528852e-05      -1.192096122e-05     1199.344129          0.4300587298         5.253441049         
0.02976534264        0.7293843596         0.4950327149         1.707574193e-05      -9.6855441e-06       1199.321473          0.444914692          6.9987703           
0.02978438147        0.7294512671         0.4949596431         0.0004899373529      0.0001604972704      1199.228094          0.5061438855         8.744099552         
0.02997346848        0.7279320754         0.4926443455         0.0002897977873      3.353407099e-06      1198.712091          0.8444902657         10.4894288          
0.02998090842        0.7280599544         0.492636331          6.530267904e-06      -1.60198629e-05      1198.661153          0.8778907634         12.23475806         
0.0299835072         0.7281733695         0.4926311952         8.711621387e-05      -2.342378994e-05     1198.634617          0.89529031           13.98008731         
0.03009373144        0.7274143931         0.4913819225         0.0007034948944      0.000777805604       1198.311698          1.10703046           15.72541656         
0.03019796807        0.72671591           0.4902230696         8.469341781e-05      -3.13857295e-05      1198.002774          1.309593974          17.47074581         
0.03020054587        0.7268301302         0.4902176784         9.050054167e-06      -2.411174959e-05     1197.976449          1.326855335          19.21607506         
0.03020877656        0.7269584573         0.4902078333         0.0003132101206      2.282767719e-06      1197.922377          1.362311108          20.96140432         
0.03040230425        0.7254102095         0.487852092          0.0004922389151      0.0001227560145      1197.399841          1.704941356          22.70673357         
0.03042062307        0.7254905057         0.4877889662         2.15564986e-05       -3.362796399e-05     1197.309631          1.764092221          24.45206282         
0.0304228098         0.7256005107         0.4877828242         4.804899112e-05      -3.664932131e-05     1197.285973          1.77960528           26.19739207         
0.0304745011         0.7254057121         0.4873665344         0.0006683334655      0.0005194321201      1197.102557          1.899871979          27.94272132         
0.03064087094        0.7241203795         0.4853420041         0.0001718153141      -4.793305618e-05     1196.652522          2.194963397          29.68805058         
0.0306449976         0.7242494113         0.485337482          8.660800505e-06      -3.991973264e-05     1196.617472          2.217945545          31.43337983         
0.03064936015        0.7243795532         0.4853330239         0.0001827057408      -4.708906959e-05     1196.581208          2.241724178          33.17870908         
0.03082109521        0.7230480327         0.4832441712         0.0006679825087      0.0004759091353      1196.119916          2.544196355          34.92403833         
0.03086955355        0.7228898282         0.4828759002         4.995699615e-05      -5.323151324e-05     1195.945576          2.658512319          36.66936758         
0.03087182491        0.7230030306         0.4828693412         2.749754592e-05      -5.058234305e-05     1195.921484          2.674309219          38.41469684         
0.03089272599        0.7230721446         0.4827901992         0.0005275430109      0.0001381410186      1195.823751          2.738393548          40.16002609         
0.03109069977        0.7215033447         0.4804004747         0.0003231058775      -3.548239752e-05     1195.298424          3.082853816          41.90535534         
0.03109901958        0.7216396705         0.4803914218         1.566358049e-05      -5.725248338e-05     1195.244652          3.118112297          43.65068459         
0.03110195098        0.7217622419         0.4803854507         0.0001048093474      -6.602207003e-05     1195.216461          3.136597884          45.39601384         
0.03121797226        0.7209778231         0.4790946334         0.0007230073965      0.0007948136435      1194.886138          3.353192576          47.1413431          
0.03132784992        0.7202550354         0.4778960874         0.0001020912308      -7.463388385e-05     1194.569848          3.560585694          48.88667235         
0.03133075879        0.7203785271         0.4778898118         1.834088949e-05      -6.60061181e-05      1194.541871          3.578930741          50.6320016          
0.03133995757        0.7205151173         0.4778787329         0.0003479801683      -3.628234221e-05     1194.484808          3.616347316          52.37733085         
0.03154277252        0.7189148301         0.4754473239         0.0005314800468      9.746108728e-05      1193.952668          3.965274665          54.1226601          
0.03156294509        0.7189981575         0.4753787459         3.212504022e-05      -7.645163079e-05     1193.858123          4.027268442          55.86798936         
0.03156541415        0.7191172785         0.4753715826         6.154593723e-05      -8.004755715e-05     1193.83295           4.043774597          57.61331861         
0.03162091736        0.7189112738         0.4749334914         0.0006974436478      0.0005236791039      1193.643142          4.168233062          59.35864786         
0.03179528112        0.7175853246         0.4728486595         0.0001973750622      -9.25942936e-05      1193.184577          4.468917172          61.10397711         
0.0317999341         0.7177242833         0.4728433911         1.763679991e-05      -8.303703071e-05     1193.147396          4.493297261          62.84930636         
0.03180485188        0.7178643437         0.4728382003         0.0002092044346      -9.161166719e-05     1193.108936          4.518515719          64.59463562         
0.0319848915         0.7164900876         0.4706869762         0.0006989866112      0.0004778007308      1192.638914          4.826712149          66.33996487         
0.03203707875        0.7163217818         0.4702985468         6.345981884e-05      -9.800299525e-05     1192.458228          4.945188829          68.08529412         
0.03203964522        0.7164444171         0.4702908795         3.849035352e-05      -9.484266901e-05     1192.432581          4.962005679          69.83062337         
0.03206263725        0.7165155091         0.4702051351         0.0005676994192      0.0001147730192      1192.330204          5.029135379          71.57595262         
0.03227039795        0.7148921596         0.4677395275         0.0003594676572      -7.737300189e-05     1191.794981          5.380084131          73.32128188         
0.03227972251        0.7150374624         0.4677292677         2.51577976e-05       -0.0001018573304     1191.738162          5.417340768          75.06661113         
0.03228303596        0.7151700378         0.4677222873         0.0001240955691      -0.0001123134205     1191.708176          5.437002837          76.81194038         
0.0324054742         0.7143572792         0.4663888966         0.0007433772112      0.0008140817987      1191.36998           5.658760276          78.55726963         
0.03252159807        0.7136074053         0.4651496145         0.000121038863       -0.0001216620245     1191.04586           5.871287972          80.30259888         
0.03252488737        0.7137410331         0.4651422684         2.799940171e-05      -0.0001113590086     1191.01609           5.890807856          82.04792814         
0.03253519144        0.7138863679         0.4651297632         0.0003859017027      -7.784196983e-05     1190.955811          5.93033352           83.79325739         
0.03274824763        0.7122288072         0.4626211155         0.0005735169166      7.085238959e-05      1190.413477          6.285945266          85.53858664         
0.03277050925        0.712314983          0.4625465738         4.324004275e-05      -0.0001228850799     1190.314297          6.350978391          87.28391589         
0.03277330245        0.7124440916         0.4625381706         7.603292767e-05      -0.0001271954089     1190.287479          6.368563131          89.02924514         
0.03283304031        0.7122254125         0.4620772268         0.0007279189656      0.0005293256147      1190.090883          6.497472556          90.7745744          
0.03301625572        0.7108543646         0.4599309493         0.0002255000215      -0.0001412374686     1189.623228          6.804116549          92.51990365         
0.03302151485        0.7110040972         0.4599247758         2.689423124e-05      -0.0001297554963     1189.583739          6.83001008           94.2652329          
0.03302707207        0.7111549071         0.4599186972         0.0002383695497      -0.0001400878983     1189.542902          6.856786936          96.01056215         
0.03321630874        0.7097332288         0.4577038919         0.0007314969078      0.0004809427041      1189.063579          7.171082228          97.7558914          
0.0332726476         0.7095534066         0.4572942591         7.793017409e-05      -0.0001467061407     1188.876148          7.293982151          99.50122066         
0.03327555324        0.7096863805         0.4572852411         5.00637556e-05       -0.0001429080488     1188.848809          7.31190832           101.2465499         
0.03330090211        0.7097591262         0.4571922976         0.0006106367553      9.0331938e-05        1188.741463          7.382295803          102.9918792         
0.03351948153        0.7080756008         0.4546491392         0.0003992714575      -0.0001227124254     1188.195727          7.740138761          104.7372084         
0.03352995791        0.708230422          0.4546374671         3.4976112e-05        -0.0001502665146     1188.13562           7.779551064          106.4825377         
0.03353371174        0.7083739354         0.4546292562         0.0001451912263      -0.000162826101      1188.103684          7.800491896          108.2278669         
0.0336632803         0.7075294922         0.4532521205         0.0007645685773      0.0008360326304      1187.757099          8.027749508          109.9731962         
0.03378634739        0.7067493148         0.4519709206         0.0001417458229      -0.0001730137769     1187.424638          8.245746285          111.7185254         
0.03379007533        0.7068940304         0.4519622665         3.798868105e-05      -0.0001606166107     1187.39292           8.266544205          113.4638547         
0.03380164628        0.7070485903         0.4519481021         0.0004273698288      -0.0001227763942     1187.32917           8.308345701          115.2091839         
0.03402603773        0.7053278013         0.4493604245         0.0006186194216      4.282683251e-05      1186.776002          8.671061442          116.9545132         
0.03405066289        0.7054165434         0.449279341          5.49022038e-05       -0.0001734087045     1186.671851          8.739353843          118.6998424         
0.03405382931        0.7055566001         0.4492694183         9.160705892e-05      -0.0001786167718     1186.64324           8.758114171          120.4451717         
0.03411829159        0.7053235043         0.4487844654         0.0007598025895      0.0005366735275      1186.439417          8.891762645          122.1905009         
0.03431134369        0.7039022306         0.4465754078         0.0002565773141      -0.000194445682      1185.962065          9.204765282          123.9358302         
0.03431730375        0.7040636513         0.4465681262         3.637305096e-05      -0.0001805383603     1185.920068          9.232302958          125.6811594         
0.03432360044        0.7042261047         0.4465609613         0.0002706018982      -0.000193093667      1185.87665           9.260772374          127.4264887         
0.0345230591         0.7027516478         0.4442811685         0.0007655729742      0.0004856214742      1185.387405          9.581573203          129.1718179         
0.0345840402         0.7025586204         0.4438491816         9.345927977e-05      -0.0001998951088     1185.192783          9.709188695          130.9171472         
0.0345873367         0.7027029276         0.4438385014         6.222322768e-05      -0.0001952924995     1185.163597          9.728325812          132.6624764         
0.03461535294        0.702776875          0.4437376862         0.0006566139         6.475891063e-05      1185.05092           9.802209194          134.4078057         
0.03484593558        0.7010267717         0.4411150817         0.0004429780613      -0.0001719621464     1184.493998          10.16738619          136.1531349         
0.03485773782        0.7011916469         0.4411017444         4.506338041e-05      -0.0002029777612     1184.430333          10.20913199          137.8984642         
0.03486200101        0.7013471182         0.4410920184         0.0001683645741      -0.0002181899807     1184.396269          10.23146787          139.6437935         
0.03499952264        0.7004671259         0.4396698105         0.0007865082061      0.0008611867024      1184.040732          10.46459588          141.3891227         
0.03513033767        0.6996529182         0.4383453598         0.0001644717802      -0.0002293372965     1183.699369          10.68842944          143.134452          
0.03513457306        0.6998097594         0.4383350915         4.825261397e-05      -0.0002142927467     1183.665523          10.71062287          144.8797812         
0.03514760211        0.6999740037         0.4383189829         0.000472851248       -0.0001715293742     1183.598014          10.75488858          146.6251105         
0.03538458542        0.698183214          0.4356502498         0.0006670928633      1.327721086e-05      1183.033319          11.1251632           148.3704397         
0.03541189577        0.6982741041         0.4355619678         6.710329313e-05      -0.0002285803555     1182.92382           11.1969621           150.115769          
0.03541549302        0.6984261561         0.4355501631         0.0001083848482      -0.0002349299231     1182.893248          11.21700869          151.8610982         
0.03548524927        0.6981765673         0.4350399245         0.0007931166829      0.0005461031777      1182.681707          11.35571729          153.6064275         
0.03568927125        0.6966992026         0.4327665521         0.0002910830607      -0.0002529158241     1182.193997          11.67551216          155.3517567         
0.03569604523        0.696873283          0.4327578995         4.598518094e-05      -0.0002359155595     1182.149265          11.70484267          157.097086          
0.03570320068        0.6970483249         0.4327493918         0.0003063931058      -0.0002513164628     1182.103033          11.73515724          158.8424152         
0.03591406029        0.6955149679         0.4304029995         0.0008012553916      0.0004922008744      1181.603193          12.06290555          160.5877445         
0.03598025526        0.6953067089         0.4299473879         0.0001101549086      -0.0002582230893     1181.400881          12.19556303          162.3330737         
0.03598400321        0.6954634271         0.4299346396         7.496513477e-05      -0.0002525931508     1181.369672          12.21602731          164.078403          
0.03601505113        0.6955379515         0.4298251901         0.0007059190707      3.800278222e-05      1181.251254          12.29367458          165.8237322         
0.03625899909        0.6937139868         0.4271210073         0.0004911347291      -0.0002256638409     1180.68242           12.66666251          167.5690615         
0.03627233393        0.6938894172         0.42710569           5.53357432e-05       -0.0002605608765     1180.614888          12.71094355          169.3143907         
0.03627718822        0.6940579427         0.4270940776         0.000193949825       -0.0002791593949     1180.578494          12.73480743          171.05972           
0.03642361415        0.6931379274         0.4256253054         0.0008090681562      0.0008901898969      1180.213384          12.97421274          172.8050492         
0.03656310851        0.6922853632         0.42425611           0.0001895400887      -0.0002914086614     1179.862502          13.20428802          174.5503785         
0.03656793276        0.692455442          0.4242438268         5.870494721e-05      -0.000272975274      1179.826322          13.22801141          176.2957077         
0.03658264706        0.6926297738         0.4242254217         0.0005228973527      -0.0002246195671     1179.75473           13.27495518          178.041037          
0.03683366801        0.690761282          0.4214733678         0.0007192795335      -1.790359675e-05     1179.177754          13.65328166          179.7863662         
0.03686404218        0.6908537126         0.4213771356         7.981876496e-05      -0.0002890453629     1179.062483          13.7288661           181.5316955         
0.03686813768        0.6910188793         0.4213629729         0.0001265053114      -0.0002968655577     1179.029755          13.75032595          183.2770248         
0.03694385265        0.6907503095         0.4208260366         0.000827847948       0.0005580975686      1178.80995           13.8944534           185.022354          
0.03716015032        0.6892101405         0.4184866125         0.0003296054476      -0.000317484659      1178.311162          14.22151221          186.7676833         
0.03716787328        0.689397884          0.418476244          5.559978126e-05      -0.0002964873889     1178.263437          14.2528056           188.5130125         
0.03717603017        0.6895864837         0.4184660569         0.0003463486279      -0.0003155806673     1178.214125          14.28513981          190.2583418         
0.03739964912        0.6879872274         0.4160512476         0.000838550979       0.0005011468117      1177.702957          14.6203159           192.003671          
0.03747172651        0.68776129           0.4155706048         0.0001281431168      -0.0003224604254     1177.492398          14.75838081          193.7490003         
0.0374759966         0.6879315571         0.4155552518         8.826885593e-05      -0.0003155006939     1177.458961          14.78030593          195.4943295         
0.03751050544        0.688005797          0.4154362975         0.0007588682993      1.0028187e-05        1177.334341          14.86201986          197.2396588         
0.03776938753        0.6860996839         0.4126481696         0.0005443917471      -0.0002844547688     1176.752807          15.24333525          198.984988          
0.03778450146        0.6862860864         0.4126304747         6.56650646e-05       -0.0003236614012     1176.681058          15.29038154          200.7303173         
0.03779004357        0.6864688109         0.4126164847         0.0002223659855      -0.0003466420238     1176.642101          15.31592629          202.4756465         
0.03794647605        0.6855035804         0.4110994876         0.0008320405289      0.000923849651       1176.266734          15.56205657          204.2209758         
0.03809573043        0.6846076225         0.4096838879         0.0002173559523      -0.0003601612911     1175.905653          15.79881996          205.966305          
0.0381012396         0.6847920921         0.4096690578         6.921291183e-05      -0.0003373292625     1175.866904          15.82422811          207.7116343         
0.03811790985        0.6849768011         0.4096479147         0.0005781592644      -0.0002826540669     1175.790855          15.87409391          209.4569635         
0.03838463445        0.6830218487         0.406810043          0.0007755580195      -5.081561042e-05     1175.200786          16.26100556          211.2022928         
0.03841851989        0.6831149466         0.4067049941         9.299639988e-05      -0.0003555449624     1175.079259          16.34069173          212.947622          
0.03842319195        0.6832943795         0.4066878381         0.0001461335878      -0.000365287714      1175.044152          16.36371145          214.6929513         
0.03850564415        0.6830038272         0.4061226414         0.0008639252866      0.0005732750767      1174.815471          16.51365938          216.4382805         
0.03873572448        0.6813931645         0.403715237          0.0003728745691      -0.0003891618334     1174.304823          16.84849477          218.1836098         
0.03874455798        0.681595553          0.4037026927         6.502147101e-05      -0.0003629225075     1174.253806          16.88194662          219.928939          
0.03875388717        0.6817986483         0.4036903781         0.0003912172397      -0.0003868794847     1174.201108          16.91650112          221.6742683         
0.03899183261        0.6801254865         0.4012051426         0.0008774096361      0.0005130608102      1173.677817          17.25962618          223.4195975         
0.03907057699        0.6798788927         0.4006979097         0.0001475699411      -0.0003935148795     1173.458386          17.40350853          225.1649268         
0.03907545075        0.6800638509         0.4006792317         0.0001020847275      -0.0003848076112     1173.422485          17.42704919          226.9102561         
0.03911392816        0.6801366155         0.4005497717         0.0008157998596      -1.917201448e-05     1173.29114           17.51317312          228.6555853         
0.03938955352        0.6781389257         0.3976751172         0.000603521519       -0.0003490861874     1172.696056          17.90337371          230.4009146         
0.03940674095        0.6783365497         0.397654536          7.585596166e-05      -0.0003929976073     1172.619687          17.9534488           232.1462438         
0.03941308471        0.6785346015         0.397637508          0.0002541424834      -0.0004217353912     1172.577897          17.98085123          233.8915731         
0.03958080337        0.6775181123         0.3960704621         0.0008550995488      0.0009631832338      1172.191523          18.23419881          235.6369023         
0.03974107411        0.676572876          0.3946066367         0.0002484312308      -0.000436722866      1171.819492          18.4781424           237.3822316         
0.0397473807         0.6767728561         0.3945885426         7.957312771e-05      -0.0004080926797     1171.7779            18.50541461          239.1275608         
0.03976633017        0.6769680234         0.3945641002         0.0006394044343      -0.0003463441842     1171.696968          18.55848211          240.8728901         
0.04005067987        0.6749166523         0.3916377117         0.0008363379676      -8.554022513e-05     1171.09293           18.95455338          242.6182193         
0.04008860709        0.6750091639         0.3915228381         0.0001065393398      -0.0004289197157     1170.964599          19.03870094          244.3635486         
0.04009394504        0.6752039579         0.3915018283         0.0001674654699      -0.0004412170384     1170.926854          19.06345081          246.1088778         
0.0401840488         0.6748877738         0.3909066426         0.0009011848913      0.0005924339338      1170.688609          19.21966948          247.8542071         
0.04042965221        0.6731978054         0.3884291686         0.0004218009367      -0.000469171593      1170.165254          19.56283677          249.5995363         
0.04043978904        0.6734156945         0.388413826          7.395881892e-05      -0.0004359441484     1170.110601          19.59867333          251.3448656         
0.04045049465        0.6736340845         0.3883987779         0.0004419285974      -0.0004664151578     1170.054163          19.63568012          253.0901948         
0.0407045754         0.6718778585         0.385840952          0.0009176876661      0.0005287259669      1169.51789           19.98731738          254.8355241         
0.04079091002        0.6716069505         0.3853054016         0.0001686032758      -0.0004724526605     1169.288885          20.13747779          256.5808533         
0.04079647922        0.6718076272         0.3852824164         0.0001163162645      -0.0004614100109     1169.250245          20.16281416          258.3261826         
0.04083952724        0.6718772574         0.3851412907         0.0008770611544      -4.955753176e-05     1169.111578          20.25373878          260.0715118         
0.04113398253        0.6697772732         0.3821773626         0.0006694395487      -0.0004204449465     1168.502031          20.65342287          261.8168411         
0.04115359511        0.6699860576         0.3821532333         8.561290662e-05      -0.0004693436242     1168.420581          20.70683026          263.5621703         
0.04116087255        0.6702004146         0.382132266          0.0002899544534      -0.0005057728028     1168.375643          20.73629616          265.3074996         
0.04134136414        0.6691256122         0.3805132057         0.0008777437818      0.001009482163       1167.977439          20.99740115          267.0528288         
0.04151411323        0.668124198          0.3789991904         0.0002834188086      -0.0005224612971     1167.593632          21.24906618          268.7981581         
0.0415213465         0.6683406207         0.3789768497         8.947739436e-05      -0.0004860566134     1167.548878          21.27841141          270.5434874         
0.04154296097        0.6685459574         0.3789483832         0.000707533413       -0.0004165231879     1167.462572          21.33500275          272.2888166         
0.04184715096        0.6663868614         0.3759306434         0.0009020460239      -0.0001221213931     1166.84363           21.74084712          274.0341459         
0.04188975           0.6664769776         0.3758047614         0.0001202819551      -0.0005101012709     1166.707869          21.82986649          275.7794751         
0.04189585203        0.6666879869         0.3757787131         0.0001907337471      -0.0005258545018     1166.667182          21.85654561          277.5248044         
0.04199468288        0.6663416925         0.3751516321         0.0009393148371      0.0006166130234      1166.418604          22.01953981          279.2701336         
0.04225781793        0.6645623271         0.3726019038         0.0004775245379      -0.0005590051074     1165.881631          22.37163619          281.0154629         
0.04226948588        0.6647962447         0.3725829068         8.198097851e-05      -0.0005162933706     1165.822939          22.41012066          282.7607921         
0.0422818097         0.6650303866         0.372564292          0.0004996402033      -0.0005556491972     1165.76235           22.44984958          284.5061214         
0.04255411087        0.6631806329         0.3699316333         0.000959088774       0.0005491702672      1165.212176          22.81060235          286.2514506         
0.04264912357        0.6628808694         0.3693658557         0.0001914359         -0.0005605167565     1164.972807          22.96755833          287.9967799         
0.04265548613        0.6630979317         0.3693372024         0.0001307956757      -0.0005462949775     1164.931106          22.99490161          289.7421091         
0.04270381929        0.6631620898         0.369183054          0.000942981512       -8.101075987e-05     1164.784438          23.0910726           291.4874384         
0.04301950707        0.6609476591         0.3661270408         0.0007432250163      -0.0004995777287     1164.159461          23.50087403          293.2327676         
0.04304196284        0.6611669861         0.3660984882         9.44962971e-05       -0.0005534856615     1164.072394          23.55796483          294.9780969         
0.04305032227        0.6613982054         0.3660723318         0.0003306716057      -0.0006003804123     1164.023942          23.58973524          296.7234261         
0.04324531207        0.6602568377         0.3643992            0.0008992062885      0.001064397879       1163.613009          23.85918646          298.4687554         
0.04343223892        0.6591911323         0.362832934          0.0003231606831      -0.0006190408713     1163.216523          24.11916479          300.2140846         
0.04344054154        0.659424433          0.3628049803         9.846803321e-05      -0.0005720157213     1163.168234          24.15082817          301.9594139         
0.043465279          0.6596390044         0.3627715382         0.0007835930339      -0.0004941646975     1163.075986          24.21131606          303.7047431         
0.04379185529        0.6573593953         0.3596596071         0.0009730946549      -0.0001605347605     1162.441156          24.62757796          305.4500724         
0.04383987353        0.6574444769         0.359521311          0.0001339590049      -0.0006000800814     1162.297249          24.72193865          307.1954016         
0.04384683887        0.6576719422         0.3594885692         0.0002162187277      -0.0006206009146     1162.253262          24.75078136          308.9407309         
0.04395566113        0.6572899847         0.358827505          0.000977765297       0.0006471751645      1161.99349           24.9211156           310.6860601         
0.04423863723        0.6554097004         0.3562033676         0.0005414752417      -0.0006604847818     1161.441934          25.28277406          312.4313894         
0.04425209944        0.6556594657         0.3561795217         8.846517415e-05      -0.0006046501318     1161.378735          25.3242144           314.1767187         
0.04426632191        0.6559090916         0.3561561789         0.000565793502       -0.00065636372       1161.313513          25.36698103          315.9220479         
0.04455923599        0.6539539066         0.3534465103         0.001001067152       0.0005757541364      1160.748468          25.73748449          317.6673772         
0.04466420661        0.6536195792         0.3528484062         0.0002162929221      -0.0006591350448     1160.497851          25.90181593          319.4127064         
0.04467145475        0.6538528424         0.3528121748         0.0001452552621      -0.0006404985899     1160.452709          25.93141538          321.1580357         
0.04472591867        0.6539081822         0.352643401          0.00101381822        -0.0001132895824     1160.297264          26.03334179          322.9033649         
0.04506558949        0.651565611          0.3494926151         0.0008261347043      -0.0005877154654     1159.655858          26.45391612          324.6486942         
0.04509137922        0.6517938743         0.3494584639         0.0001018740586      -0.0006461292859     1159.562551          26.51509825          326.3940234         
0.04510097571        0.6520415597         0.3494253639         0.0003774253722      -0.0007075458321     1159.510151          26.54945727          328.1393527         
0.04531245555        0.6508239723         0.3476961135         0.0009183115231      0.00113005449        1159.085523          26.82788819          329.8846819         
0.04551552589        0.6496844225         0.346075533          0.0003687551332      -0.000728487849      1158.675384          27.09681921          331.6300112         
0.04552504118        0.6499339293         0.3460400448         0.0001058922474      -0.0006666650961     1158.623118          27.13109004          333.3753404         
0.04555343778        0.6501556743         0.3460003589         0.0008687767602      -0.0005803976884     1158.524267          27.19590726          335.1206697         
0.04590530312        0.6477412087         0.3427916316         0.001049817341       -0.0002006362141     1157.87255           27.62324268          336.8659989         
0.04595962128        0.6478173453         0.342639233          0.0001471772604      -0.0006998276047     1157.719678          27.72348211          338.6113282         
0.04596752961        0.648060153          0.3425974634         0.0002442690543      -0.0007270620572     1157.671967          27.75476601          340.3566574         
0.04608782203        0.64763557           0.3419001593         0.001015599316       0.0006859211701      1157.400045          27.93306738          342.1019867         
0.04639326998        0.6456413145         0.3391997178         0.0006154411304      -0.0007758393728     1156.832912          28.30494004          343.8473159         
0.04640881533        0.6459053158         0.3391693406         9.255685327e-05      -0.000701482793      1156.764652          28.3496985           345.5926452         
0.04642524689        0.6461687142         0.3391396356         0.0006421735604      -0.0007707321429     1156.694231          28.39587377          347.3379744         
0.04674148889        0.6440946884         0.3363511095         0.001042664156       0.000610291805       1156.11333           28.77677447          349.0833037         
0.04685791324        0.643718525          0.3357183997         0.0002434533949      -0.0007699030651     1155.850481          28.94912649          350.8286329         
0.04686610387        0.6439659787         0.3356718932         0.0001593106615      -0.0007450095698     1155.801447          28.98127817          352.5739622         
0.04692768949        0.6440076179         0.3354865827         0.001089650548       -0.0001459508042     1155.636339          29.08954059          354.3192914         
0.04729445142        0.6415216763         0.3322388053         0.000919594681       -0.0006862902027     1154.977517          29.52153455          356.0646207         
0.04732413483        0.6417555144         0.3321974594         0.0001069030861      -0.0007477259101     1154.877246          29.58728324          357.80995           
0.04733510275        0.642017277          0.3321549431         0.000431697484       -0.0008296939384     1154.820384          29.62456766          359.5552792         
0.04756534376        0.6407122231         0.3303677301         0.0009332412245      0.001209194092       1154.38105           29.91264209          361.3006085         
0.04778680371        0.6394876094         0.3286909499         0.0004216478114      -0.0008532589382     1153.956229          30.19119959          363.0459377         
0.04779764156        0.6397503537         0.3286452209         0.0001108990878      -0.0007704107276     1153.899463          30.22842136          364.791267          
0.04783030557        0.6399752375         0.3285975831         0.000964390173       -0.0006765067514     1153.793242          30.29807137          366.5365962         
0.04821071096        0.6374101104         0.3252901282         0.001132336503       -0.0002420731679     1153.123682          30.73710647          368.2819255         
0.04827234941        0.6374713959         0.3251215786         0.000159428085       -0.000810140989      1152.960908          30.84383821          370.0272547         
0.04828121239        0.6377256313         0.3250674981         0.0002753483927      -0.0008470186801     1152.90897           30.87789423          371.772584          
0.04841468163        0.6372495955         0.3243315773         0.001051237847       0.0007352461518      1152.623851          31.06484888          373.5179132         
0.04874553891        0.6351268368         0.3215536113         0.0007016288512      -0.000907780154      1152.040173          31.4475699           375.2632425         
0.04876344834        0.6354006826         0.3215143429         9.322604566e-05      -0.0008067952912     1151.966201          31.4960743           377.0085717         
0.04878239691        0.6356733628         0.3214759841         0.0007309522073      -0.0009013879107     1151.889914          31.54609589          378.753901          
0.04912497646        0.6334657047         0.3186075576         0.001082225608       0.0006552206834      1151.292221          31.93800737          380.4992302         
0.04925457411        0.6330383126         0.3179378273         0.000273313336       -0.0008945135507     1151.016062          32.11908622          382.2445595         
0.04926366162        0.6332942487         0.3178772817         0.0001725143455      -0.0008605842817     1150.962597          32.15414387          383.9898887         
0.04933350336        0.6333149115         0.3176731422         0.001170170844       -0.0001782199096     1150.786822          32.26940026          385.735218          
0.04973077228        0.6306691145         0.3143272439         0.001025132592       -0.0007969222531     1150.109707          32.71338921          387.4805472         
0.04976494861        0.6309020541         0.3142765398         0.0001086601371      -0.000858193408      1150.001627          32.78425828          389.2258765         
0.04977733495        0.6311715512         0.3142211772         0.0004954232595      -0.0009697505862     1149.939692          32.82486931          390.9712057         
0.05002885861        0.6297660994         0.3123747179         0.0009411424232      0.001305358973       1149.484645          33.12324627          392.716535          
0.05027120809        0.6284433827         0.3106403675         0.0004837438296      -0.0009962892844     1149.044114          33.41210551          394.4618642         
0.05028336525        0.6287118756         0.3105806705         0.0001126246987      -0.000883074733      1148.982223          33.45268788          396.2071935         
0.05032094061        0.6289324101         0.3105227917         0.001071731338       -0.0007838862101     1148.867739          33.52775552          397.9525227         
0.0507333938         0.6261998263         0.3071161335         0.001220296189       -0.0002841228098     1148.179552          33.97900423          399.697852          
0.05080349052        0.6262371699         0.3069289433         0.0001702660443      -0.0009313825016     1148.005818          34.09292267          401.4431813         
0.05081314678        0.626493441          0.3068580794         0.0003101471757      -0.0009823222643     1147.949048          34.13014721          403.1885105         
0.05096170561        0.6259546621         0.3060811649         0.001082015946       0.0007983570875      1147.649622          34.32648315          404.9338398         
0.0513211185         0.6236877938         0.3032258654         0.0008026689002      -0.001059542971      1147.048576          34.72059299          406.679169          
0.0513415793         0.6239619117         0.3031745048         8.967357508e-05      -0.0009197959553     1146.968118          34.77334949          408.4244983         
0.05136326617        0.6242342404         0.3031243859         0.0008346602953      -0.001051451441      1146.885177          34.82773441          410.1698275         
0.05173536111        0.6218773261         0.3001766598         0.001116905795       0.0007138442322      1146.269941          35.23114868          411.9151568         
0.05188003898        0.6213864383         0.2994674775         0.0003065622425      -0.001034588583      1145.979333          35.42170246          413.660486          
0.05188973629        0.6216381316         0.2993879067         0.0001846565786      -0.0009874564852     1145.920788          35.46009048          415.4058153         
0.05196906816        0.6216267838         0.2991622065         0.001254275919       -0.0002087533645     1145.733228          35.58307493          417.1511445         
0.05240038631        0.6188042555         0.2957192382         0.001144169756       -0.0009213172909     1145.037234          36.03944249          418.8964738         
0.05243960805        0.6190244326         0.2956563411         0.0001067612416      -0.000976595924      1144.920365          36.11607438          420.641803          
0.05245323048        0.619287997          0.2955836565         0.000571073112       -0.001131133478      1144.852627          36.16049106          422.3871323         
0.05272868612        0.6177677231         0.2936778627         0.0009374730645      0.001423118889       1144.380982          36.46975114          424.1324615         
0.05299455992        0.6163321392         0.2918856883         0.0005575115966      -0.001160952825      1143.923816          36.76951834          425.8777908         
0.05300775652        0.6165906663         0.2918072616         0.0001109619896      -0.001003594056      1143.856053          36.81395094          427.62312           
0.05305082182        0.6167934967         0.2917361977         0.001191785927       -0.0009038656714     1143.732279          36.89511041          429.3684493         
0.05349882026        0.6138769078         0.2882326703         0.001312337858       -0.0003253771318     1143.025087          37.35882036          431.1137785         
0.05357854363        0.6138761882         0.2880238798         0.0001799919525      -0.001063168626      1142.839219          37.48069573          432.8591078         
0.0535884604         0.6141153859         0.2879307069         0.0003498582464      -0.001134655697      1142.77689           37.52156475          434.604437          
0.05375412427        0.6134994019         0.2871106782         0.001103429621       0.0008795933815      1142.46205           37.72800758          436.3497663         
0.0541451803         0.6110728676         0.2841808999         0.0009214623061      -0.001234796871      1141.843171          38.1338107           438.0950955         
0.05416810789        0.6113288235         0.2841135211         8.268554004e-05      -0.001038753029      1141.755318          38.19141651          439.8404248         
0.05419249184        0.6115824263         0.2840478326         0.0009559816211      -0.001224405206      1141.664794          38.25077326          441.585754          
0.05459712751        0.6090611735         0.2810244577         0.001141833328       0.0007907039727      1141.031698          38.66589847          443.3310833         
0.0547588457         0.608490738          0.2802736409         0.0003446502316      -0.001191373482      1140.725509          38.86666861          445.0764126         
0.05476838549        0.6087138157         0.280169324          0.0001967546546      -0.001125059699      1140.661109          38.90889656          446.8217418         
0.05485840852        0.6086536973         0.2799189365         0.001339324132       -0.000235179309      1140.460553          39.04040232          448.5670711         
0.05532701154        0.6056391087         0.276383933          0.001277542311       -0.001060930851      1139.745712          39.50912785          450.3124003         
0.055371599          0.6058260688         0.2763054987         0.0001031731637      -0.001101172248      1139.618933          39.59225798          452.0577296         
0.05538580026        0.6060582955         0.2762105247         0.0006616366794      -0.001317523027      1139.54452           39.64105102          453.8030588         
0.05568766666        0.6044080781         0.2742475492         0.0009150099665      0.001568381228       1139.055719          39.96156101          455.5483881         
0.05597954115        0.6028437985         0.272399406          0.000646012423       -0.001350782122      1138.581297          40.27264265          457.2937173         
0.05599295665        0.6030640274         0.2722972364         0.0001086630605      -0.001130187627      1138.506772          40.32150884          459.0390466         
0.05604181842        0.6032268022         0.2722096349         0.001324619782       -0.001037233157      1138.372544          40.40952345          460.7843758         
0.05652827667        0.6001124237         0.2686165185         0.001405199206       -0.0003631233772     1137.646769          40.88541885          462.5297051         
0.0566186198         0.6000521584         0.2683828841         0.0001914949856      -0.001204366532      1137.447512          41.01607264          464.2750343         
0.05662761978        0.6002413568         0.2682620906         0.0003968619988      -0.001305129823      1137.378757          41.06115598          466.0203636         
0.05681225271        0.599529927          0.2673975688         0.001108052759       0.0009849350601      1137.047533          41.27834171          467.7656928         
0.05723743405        0.5969304982         0.2644007317         0.001060758492       -0.001437219772      1136.411071          41.69567411          469.5110221         
0.05726219642        0.5971374742         0.2643135819         7.766918258e-05      -0.001161810229      1136.314759          41.7588264           471.2563513         
0.0572887011         0.5973418326         0.2642286799         0.00109729894        -0.001423613996      1136.215574          41.82386267          473.0016806         
0.05772813141        0.5946442957         0.2611384174         0.00114897856        0.0008921756476      1135.56512           42.25036954          474.7470098         
0.05790859971        0.5939737373         0.2603445483         0.0003909039422      -0.001365375055      1135.242371          42.46199806          476.4923391         
0.05791648218        0.5941297163         0.2602109564         0.0002134077983      -0.001272274498      1135.171186          42.50867439          478.2376683         
0.05801809453        0.5939963544         0.2599327048         0.001420099186       -0.0002532690414     1134.956401          42.64951054          479.9829976         
0.05852612064        0.5907793036         0.2563172363         0.00142473629        -0.001216192443      1134.22384           43.12985571          481.7283268         
0.05857587849        0.5909016269         0.2562202168         0.0001056665623      -0.001230581127      1134.085899          43.22030403          483.4736561         
0.05858926315        0.5910636526         0.2560992819         0.0007705465222      -0.001532226333      1134.003785          43.27414659          485.2189853         
0.05891931242        0.5892693569         0.2540849531         0.0008628404279      0.001748870673       1133.4979            43.60585927          486.9643146         
0.05923897405        0.5875610319         0.2521861731         0.0007528923078      -0.001568770677      1133.006204          43.92826709          488.7096439         
0.05925101319        0.5877016704         0.2520570614         0.000114936255       -0.001261871627      1132.92387           43.98225433          490.4549731         
0.05930541728        0.5877914448         0.2519500696         0.001468637273       -0.001183302         1132.777911          44.07796054          492.2003024         
0.05983174386        0.5844721229         0.2482823082         0.001492693484       -0.0003923251077     1132.035283          44.56490665          493.9456316         
0.05993319022        0.5843222483         0.2480209505         0.0002134742288      -0.001354175519      1131.821389          44.70515826          495.6909609         
0.05993933854        0.5844173657         0.247870126          0.0004562590985      -0.001493980518      1131.745177          44.7551308           497.4362901         
0.06014421013        0.5835885422         0.2469612395         0.001084720047       0.001122725396       1131.396933          44.98347652          499.1816194         
0.06060457259        0.5808086371         0.2439115419         0.001222708121       -0.001669629649      1130.744287          45.41142124          500.9269486         
0.06062977255        0.5809251205         0.2438028123         8.805815014e-05      -0.00128930458       1130.638301          45.48091679          502.6722779         
0.06065707009        0.5810392887         0.2436969254         0.001260372699       -0.001651452285      1130.529227          45.55243701          504.4176071         
0.06113191996        0.5781601003         0.2405558577         0.001126508344       0.001027253775       1129.863168          45.98917606          506.1629364         
0.06133211587        0.5773646869         0.2397190998         0.0004525461527      -0.001556427157      1129.52323           46.21207573          507.9082656         
0.06133618066        0.5774086431         0.2395556672         0.0002459826899      -0.001428934149      1129.444169          46.26391651          509.6535949         
0.06144961603        0.5771700987         0.2392471486         0.001488255494       -0.0002559048374     1129.214005          46.41483702          511.3989241         
0.06199710111        0.5737491539         0.2355718561         0.001583433051       -0.001385405807      1128.466416          46.90503591          513.1442534         
0.06205110091        0.5737674009         0.2354548208         0.0001301307457      -0.001366255612      1128.315976          47.00367996          514.8895826         
0.06206155238        0.5738147304         0.2353076713         0.000902046789       -0.001777354571      1128.224975          47.06335051          516.6349119         
0.06242019218        0.571865408          0.2332528275         0.0007665694924      0.001974743549       1127.703002          47.40561124          518.3802411         
0.06276807859        0.5700003379         0.2313134999         0.0008827947033      -0.001816527638      1127.194908          47.73877154          520.1255704         
0.06277649086        0.5700173581         0.2311579647         0.0001468115896      -0.001400684282      1127.103554          47.79867321          521.8708996         
0.06283544708        0.5699949521         0.2310304569         0.001620547037       -0.001338924838      1126.94453           47.90294617          523.6162289         
0.06340059482        0.5664738271         0.2273127653         0.001565651351       -0.0004046714535     1126.188464          48.39870356          525.3615581         
0.06351281593        0.5661988992         0.2270221725         0.0002618525476      -0.001514030791      1125.958801          48.54929534          527.1068874         
0.06351381871        0.5661594675         0.2268433985         0.000537887205       -0.001701099921      1125.873938          48.60494021          528.8522166         
0.06373910022        0.5651892523         0.2258926875         0.001019307758       0.001304254757       1125.50856           48.84452138          530.5975459         
0.06423352842        0.5622296828         0.2228124445         0.001409222649       -0.001933240697      1124.842539          49.2812352           532.3428752         
0.06425711629        0.562214173          0.2226832044         0.0001328610603      -0.001424817005      1124.725534          49.3579567           534.0882044         
0.06428323234        0.5621971896         0.2225573309         0.001446918301       -0.001908709677      1124.605221          49.43684621          535.8335337         
0.0647918327         0.5591398984         0.2193898982         0.001059889941       0.001208060253       1123.926755          49.88172121          537.5788629         
0.06501153888        0.5581934777         0.2185129047         0.0005419232706      -0.001764647196      1123.569517          50.11596408          539.3241922         
0.06500955593        0.5580913138         0.2183230656         0.0003116928097      -0.001597239153      1123.481324          50.17379276          541.0695214         
0.06513416088        0.5577133202         0.2179835615         0.001533174248       -0.0002326281263     1123.23483           50.33542048          542.8148507         
0.06571839588        0.5540981736         0.2142790599         0.001750112728       -0.001564197781      1122.476588          50.83260494          544.5601799         
0.06577506024        0.5539746657         0.2141426025         0.0001948872183      -0.001511862121      1122.312286          50.94033846          546.3055092         
0.06578017538        0.5538721345         0.2139719401         0.001062085744       -0.002053649459      1122.211061          51.00671283          548.0508384         
0.0661660313         0.5517614666         0.2118928221         0.0006102663661      0.002259131631       1121.675003          51.35820929          549.7961677         
0.06654080279        0.5497312704         0.20992819           0.001042142707       -0.002094169707      1121.152362          51.70090876          551.5414969         
0.06654318403        0.5495928838         0.2097492823         0.0002216447526      -0.001550079775      1121.050629          51.76761541          553.2868262         
0.06660509673        0.5494227934         0.2096019387         0.001776069864       -0.001498284086      1120.877215          51.88132433          555.0321554         
0.06720523533        0.5457140213         0.205868741          0.001612988612       -0.0003884485541     1120.112709          52.3826154           556.7774847         
0.06732707098        0.5452811374         0.2055492267         0.0003530335497      -0.001686539701      1119.866365          52.54414485          558.5228139         
0.06732090841        0.545084398          0.2053465073         0.0006551043422      -0.001926892756      1119.771502          52.60634749          560.2681432         
0.06756541016        0.5439503314         0.2043595731         0.0008964166796      0.001544043616       1119.389465          52.85685142          562.0134724         
0.06809047508        0.5408203241         0.2012785459         0.001622650579       -0.00222776138       1118.714139          53.29966685          563.7588017         
0.06811011892        0.5406427144         0.2011311476         0.0002251567552      -0.001570263966      1118.584673          53.38455908          565.5041309         
0.06813278399        0.5404645484         0.200987533          0.001658997136       -0.002194718268      1118.451687          53.47175853          567.2494602         
0.06867118631        0.537240938          0.1978254674         0.0009332734324      0.001450152042       1117.765206          53.92188864          568.9947894         
0.06890886257        0.536120731          0.1969138918         0.0006721786552      -0.001990439841      1117.391128          54.16717392          570.7401187         
0.0688990268         0.5358573098         0.1967012726         0.0004238617312      -0.001778747428      1117.292396          54.23191298          572.4854479         
0.06903334648        0.5353108953         0.1963318761         0.001542412737       -0.0001696242447     1117.028902          54.40468781          574.2307772         
0.06964907963        0.5315208319         0.1926372207         0.001920085819       -0.001745609434      1116.265661          54.90515023          575.9761065         
0.06970646269        0.5312279864         0.1924826634         0.0003081408619      -0.001666819161      1116.086175          55.02284048          577.7214357         
0.06970396277        0.5309565909         0.1922911063         0.001257386681       -0.002360665036      1115.973264          55.09687664          579.466765          
0.07011394721        0.5286828786         0.1902085641         0.0003768557633      0.002619343398       1115.425927          55.45576908          581.2120942         
0.07051254334        0.5264839418         0.1882382963         0.001237817807       -0.00240057219       1114.89138           55.80627474          582.9574235         
0.07050669697        0.5261746889         0.1880383629         0.000344670696       -0.001707834116      1114.777786          55.88075908          584.7027527         
0.07056962338        0.5258316993         0.1878723196         0.001928928717       -0.0016527224        1114.588729          56.00472547          586.448082          
0.0711986489         0.5219577056         0.1841654868         0.001621042737       -0.0003282074528     1113.821823          56.50759042          588.1934112         
0.07132831454        0.5213427098         0.1838186666         0.0004919878184      -0.001869342811      1113.558169          56.68047006          589.9387405         
0.07131336853        0.5209812259         0.183594066          0.0008170893648      -0.002170474039      1113.451814          56.75020752          591.6840697         
0.07157466928        0.5196663384         0.1825796408         0.0006982236017      0.001861226457       1113.054137          57.01096725          593.429399          
0.07212513105        0.516381044          0.1795327667         0.001864245305       -0.00255128062       1112.374365          57.45669832          595.1747282         
0.07213844503        0.5160241024         0.1793685521         0.0003620093773      -0.001718174677      1112.230941          57.55074195          596.9200575         
0.0721553085         0.515667115          0.1792085025         0.001896919297       -0.002506938156      1112.083805          57.64722005          598.6653867         
0.07271788811        0.5122943182         0.1760883751         0.0007275379002      0.001774288988       1111.394398          58.09926884          600.410716          
0.07297090456        0.5109847548         0.1751507305         0.0008478487256      -0.002230948375      1111.004451          58.35495941          602.1560452         
0.07295170209        0.5105559162         0.1749160965         0.0005814590761      -0.001967715533      1110.893639          58.4276199           603.9013745         
0.07309369445        0.509821214          0.1745191596         0.001499254352       -4.833488506e-05     1110.61279           58.61177452          605.6467037         
0.07373393266        0.505881379          0.1708788991         0.002084953925       -0.001919205245      1109.850859          59.11137761          607.392033          
0.07378987814        0.5054020283         0.1707069099         0.0004609902557      -0.001819555249      1109.65496           59.23982989          609.1373622         
0.07377764994        0.5049537033         0.1704949025         0.001491545943       -0.002695875581      1109.528802          59.32255197          610.8826915         
0.07420736965        0.5025192185         0.1684330155         4.446244219e-05      0.00308002574        1108.973499          59.686668            612.6280207         
0.07462541713        0.500152467          0.1664799079         0.001472749695       -0.002732393604      1108.430203          60.04291107          614.37335           
0.07460931578        0.4996662094         0.1662588703         0.0005038772193      -0.00186003897       1108.303161          60.12621318          616.1186792         
0.07467108223        0.4991346053         0.1660746174         0.002067760125       -0.00178924166       1108.097331          60.26117702          617.8640085         
0.07532150611        0.4951221734         0.16244037           0.001570278027       -0.0002025852677     1107.334491          60.76137648          619.6093377         
0.07545675848        0.4943100458         0.162068567          0.000667122303       -0.002049475297      1107.053208          60.94581546          621.354667          
0.075431466          0.4937808389         0.161820987          0.0010210224         -0.002425322488      1106.933746          61.02414704          623.0999963         
0.07570625513        0.4922755394         0.1607905228         0.0004003432078      0.002283050127       1106.521893          61.29420217          624.8453255         
0.07627578632        0.4888531355         0.1578153083         0.002131109779       -0.002899032306      1105.842858          61.73944998          626.5906548         
0.07628032267        0.4883072372         0.1576337882         0.0005236577945      -0.001847739251      1105.683962          61.84363854          628.335984          
0.07628894775        0.4877612852         0.1574568778         0.002156322069       -0.002839573634      1105.521192          61.95036799          630.0813133         
0.07686914524        0.4842588512         0.154417499          0.0004159387895      0.00221032204        1104.834189          62.40084025          631.8266425         
0.07713411737        0.4827522633         0.1534646652         0.001059574213       -0.002475593339      1104.429775          62.66601722          633.5719718         
0.07710391877        0.4821545243         0.1532057502         0.0007674422003      -0.00214694987       1104.305217          62.74769105          635.317301          
0.07725109585        0.4812198158         0.1527845333         0.001379337407       0.0001576205658      1104.006989          62.94324123          637.0626303         
0.07790798243        0.4771576318         0.149245651          0.002229766383       -0.002069008177      1103.252808          63.43776201          638.8079595         
0.07796012252        0.4764811797         0.1490559436         0.0006288666524      -0.001944936555      1103.039405          63.57769174          640.5532888         
0.07793604007        0.4758510432         0.1488216524         0.001761570764       -0.003053189905      1102.898358          63.67017733          642.298618          
0.0783803011         0.4732614942         0.1468063327         -0.0004184947576     0.003678046466       1102.338669          64.03716919          644.0439473         
0.07881262742        0.4707319937         0.1448949701         0.001742281921       -0.003082371248      1101.790061          64.3968952           645.7892765         
0.07878418591        0.4700641482         0.1446505001         0.0006722197883      -0.001979063873      1101.647899          64.49011144          647.5346058         
0.07884238651        0.4693341112         0.1444477826         0.002174021694       -0.001888308009      1101.424334          64.6367048           649.279935          
0.07950616918        0.4652111196         0.1409337757         0.001432250852       1.924801746e-05      1100.671994          65.1300187           651.0252643         
0.07964437913        0.4641934927         0.1405399513         0.000852547          -0.002201358272      1100.373085          65.32601515          652.7705935         
0.0796068796         0.4634909293         0.1402658511         0.001251003213       -0.002676239245      1100.238784          65.4140772           654.5159228         
0.07989130355        0.4617924809         0.1392329649         -3.219776195e-05     0.002849845078       1099.814583          65.69222847          656.261252          
0.08047313961        0.4582520347         0.1363672509         0.002414880846       -0.003262189935      1099.14147           66.13359329          658.0065813         
0.08046630689        0.4575102184         0.1361664326         0.0006762177116      -0.001923267829      1098.965596          66.24891479          659.7519105         
0.08046410497        0.4567680564         0.1359707992         0.002427376522       -0.003182470297      1098.785732          66.36685289          661.4972398         
0.08105506519        0.4531558547         0.1330510549         -3.986103524e-05     0.002802560259       1098.106404          66.81229291          663.242569          
0.08132814629        0.4514510781         0.1320957805         0.00128552055        -0.002703917017      1097.689279          67.08580447          664.9878983         
0.081284913          0.4506768091         0.1318082716         0.0009517450305      -0.002286389634      1097.54919           67.17766155          666.7332276         
0.08143443733        0.4495361906         0.1313670027         0.001148426974       0.0004864755584      1097.233892          67.38440467          668.4785568         
0.08209998203        0.4453786703         0.1279763142         0.002332071778       -0.002171272387      1096.493684          67.86976368          670.2238861         
0.0821457131         0.4444978814         0.1277680133         0.0007737718573      -0.002002469608      1096.261855          68.0217758           671.9692153         
0.08210743858        0.4436795224         0.1275079971         0.002057378537       -0.003422104611      1096.104205          68.12514786          673.7145446         
0.08256074851        0.4409434873         0.1255657952         -0.001057863093      0.004469092745       1095.543817          68.49259776          675.4598738         
0.08300188567        0.4382597347         0.1237213897         0.002033927716       -0.003438235821      1094.993462          68.85346926          677.2052031         
0.0829587409         0.4374031264         0.1234496597         0.0008093058839      -0.002021363646      1094.834432          68.95774609          678.9505323         
0.0830107426         0.4364680504         0.1232278748         0.002221643085       -0.001921536459      1094.59236           69.11647437          680.6958616         
0.08367996806        0.4322610373         0.119880832          0.001167375078       0.0003823088769      1093.856633          69.5988955           682.4411908         
0.08381819829        0.4310339799         0.1194688048         0.001010102635       -0.002284893143      1093.540421          69.80623772          684.1865201         
0.08376612774        0.4301475026         0.1191631555         0.001480693164       -0.002898023272      1093.389429          69.90524369          685.9318493         
0.08405610515        0.4282584356         0.1181431238         -0.0006490941175     0.003622061429       1092.955003          70.19009992          687.6771786         
0.08464358729        0.4246183729         0.115423426          0.002702582764       -0.003627362089      1092.292794          70.62431471          689.4225078         
0.08462259001        0.4236736683         0.1152003946         0.0007711873533      -0.001890164855      1092.098463          70.75173901          691.1678371         
0.08460678192        0.4227284437         0.1149832808         0.002695904533       -0.003520637958      1091.900089          70.88181393          692.9131663         
0.08520188437        0.4190251268         0.1122205722         -0.0006945003986     0.00361773924        1091.233456          71.31892967          694.6584956         
0.0854790422         0.4171256913         0.1112770608         0.001493812849       -0.002884089628      1090.805663          71.59943622          696.4038248         
0.08542016566        0.4161620192         0.1109554746         0.001091967664       -0.002340206208      1090.648136          71.70272747          698.1491541         
0.08556898239        0.4148135916         0.110499546          0.000759733647       0.0009943297565      1090.316398          71.92025009          699.8944833         
0.08623565404        0.4105852166         0.1073017888         0.002361640352       -0.002191651872      1089.595941          72.39265889          701.6398126         
0.08627215809        0.4094945291         0.107073909          0.000842133293       -0.001930739701      1089.344948          72.55723619          703.3851418         
0.08621698125        0.4084780782         0.1067837846         0.002363452443       -0.003787450812      1089.168918          72.6726607           705.1304711         
0.0866740292         0.4056060436         0.104941023          -0.001940574533      0.005538412682       1088.611513          73.03815447          706.8758003         
0.08711868503        0.4027787841         0.1031885607         0.00232921234        -0.003782143271      1088.06299           73.39782491          708.6211296         
0.08705802807        0.4017221598         0.102884929          0.0008581545785      -0.001920807373      1087.885266          73.51435923          710.3664589         
0.08710102652        0.4005772246         0.1026435797         0.002176492385       -0.001848184994      1087.624124          73.68559177          712.1117881         
0.08776845802        0.3963093334         0.09950770957        0.0007208337589      0.0009536909247      1086.910605          74.15345117          713.8571174         
0.08790359847        0.394871938          0.09908240026        0.001086849679       -0.002239630885      1086.577714          74.3717295           715.6024466         
0.08783395877        0.3937857326         0.09873939604        0.001674455329       -0.003053149562      1086.408054          74.48297726          717.3477759         
0.08812550083        0.3917121239         0.09774877951        -0.001522375706      0.004692481272       1085.965747          74.77300074          719.0931051         
0.08871255379        0.387988806          0.09520935485        0.002978203284       -0.003976203492      1085.319089          75.19701806          720.8384344         
0.08867435268        0.3868329532         0.09496080736        0.0007386759371      -0.001664346235      1085.104856          75.33749222          722.5837636         
0.08864195342        0.3856769717         0.09471905572        0.002944982963       -0.003833713276      1084.886611          75.48059711          724.3290929         
0.08923527767        0.3818985077         0.09214851602        -0.00162826232       0.004759390025       1084.237321          75.90634069          726.0744221         
0.08951259695        0.3798109574         0.09123214515        0.001641766866       -0.002968892053      1083.801119          76.19236103          727.8197514         
0.08943477094        0.3786396108         0.09087048992        0.001128678925       -0.002238666146      1083.624106          76.30843             729.5650806         
0.08957979685        0.3770841954         0.09040666009        0.0001475674738      0.001766263037       1083.276852          76.53612618          731.3104099         
0.09024102665        0.3728049019         0.08744355175        0.002278550083       -0.002079872913      1082.581333          76.99218266          733.0557391         
0.0902653313         0.3714994941         0.08719545935        0.0007554818752      -0.00163387002       1082.310629          77.16968545          734.8010684         
0.09019002991        0.3702708514         0.08687049237        0.002661049227       -0.004129013591      1082.114363          77.29837785          736.5463976         
0.09064613894        0.3672737387         0.08515291602        -0.003168592575      0.007021121051       1081.563533          77.65956092          738.2917269         
0.09108963818        0.3643143245         0.08351680263        0.002605452777       -0.004089607047      1081.020345          78.01573243          740.0370561         
0.09100806475        0.3630417327         0.08317645579        0.0007340012218      -0.001572896109      1080.822011          78.14578168          741.7823854         
0.09103917484        0.3616829906         0.08291559285        0.001993522195       -0.001608193009      1080.54144           78.32975414          743.5277146         
0.09169873185        0.3573718891         0.08003211629        1.273860234e-05      0.001838049634       1079.855087          78.77980015          745.2730439         
0.09182768596        0.3557251643         0.07959981639        0.001005311456       -0.001970747371      1079.506409          79.00843053          747.0183731         
0.09173669463        0.3544177972         0.07921353862        0.001784342907       -0.003085421121      1079.315942          79.13332077          748.7637024         
0.09202624754        0.3521675559         0.07827007444        -0.00276268915       0.006210042313       1078.868254          79.42687299          750.5090316         
0.09260781677        0.3483735893         0.07594296434        0.003224080788       -0.004284207948      1078.241376          79.83792094          752.2543609         
0.09254907466        0.346996077          0.07566579497        0.0004697402667      -0.001108451424      1078.00582           79.99237626          753.9996902         
0.09249686761        0.345619845          0.07539638119        0.003156426283       -0.004094472225      1077.766386          80.14937471          755.7450194         
0.09308361578        0.3417777742         0.07305115284        -0.002967263872      0.006396547894       1077.138639          80.56099242          757.4903487         
0.09335763028        0.3395099888         0.07217848275        0.001669541505       -0.002885565181      1076.696431          80.85095101          759.2356779         
0.09325666544        0.3381066018         0.07177102835        0.0009716408229      -0.00186916852       1076.497702          80.98125911          760.9810072         
0.09339501705        0.3363465279         0.07130772116        -0.0007871954897     0.002938852518       1076.136108          81.21835886          762.7263364         
0.09404563754        0.3320294749         0.06861838249        0.002027122116       -0.001758325286      1075.470044          81.65510146          764.4716657         
0.09405467954        0.3305043155         0.06835036429        0.0003875538424      -0.0009511626562     1075.179243          81.84578111          766.2169949         
0.09395534848        0.3290442347         0.0679862328         0.00293009874        -0.004420134387      1074.960784          81.98902638          767.9623242         
0.09440689739        0.325931459          0.0664194635         -0.004908699848      0.009143844241       1074.419964          82.34364524          769.7076534         
0.09484559601        0.3228498023         0.06492394744        0.002836147846       -0.004326419819      1073.885476          82.69411265          771.4529827         
0.09473890688        0.3213395506         0.06454281174        0.0002971032986      -0.0007990533577     1073.664481          82.83902027          773.1983119         
0.09475525475        0.3197628753         0.06426361077        0.001609083144       -0.001107304373      1073.364301          83.03585053          774.9436412         
0.09540242616        0.3154183821         0.06167186704        -0.001084346392      0.003210466934       1072.709379          83.46528727          776.6889704         
0.09552231913        0.3135639669         0.06124072065        0.0006393294166      -0.001316962702      1072.346018          83.70354533          778.4342997         
0.09540514935        0.3120069447         0.06080619321        0.001739747987       -0.002904487559      1072.132397          83.84361768          780.1796289         
0.09568995411        0.3095879765         0.05992922064        -0.004554572187      0.008430044245       1071.681914          84.13900231          781.9249582         
0.09626240305        0.3057300531         0.05784566973        0.003421924911       -0.004517177265      1071.07858           84.53461253          783.6702874         
0.09617936716        0.3041166736         0.05753791403        -0.0002258958882     2.292408043e-05      1070.82027           84.70398814          785.4156167         
0.09610382451        0.3025074667         0.05723879992        0.003312457639       -0.004264927423      1070.558343          84.87573554          787.1609459         
0.09668069898        0.2986067167         0.05515182806        -0.004928146005      0.00882596707        1069.955858          85.2707889           788.9062752         
0.09694873831        0.2961660195         0.0543412001         0.001482860002       -0.002511494337      1069.510122          85.5630605           790.6516044         
0.09681921939        0.2944979805         0.05388391772        0.0004656643276      -0.001031492789      1069.287198          85.70923371          792.3969337         
0.09694845631        0.2925356068         0.05343188414        -0.002209563848      0.004749338622       1068.912632          85.954839            794.1422629         
0.09758507414        0.2881845521         0.05105523463        0.001520703315       -0.001095823935      1068.279846          86.36976037          795.8875922         
0.09757572237        0.2864328932         0.05076948487        -0.0004915745403     0.0004149785025      1067.968688          86.57378877          797.6329215         
0.09744748638        0.2847148955         0.05036372772        0.00315078955        -0.004623546951      1067.725906          86.73298253          799.3782507         
0.0978922976         0.2814920739         0.04897498058        -0.00745943493       0.01231787467        1067.198344          87.07890848          801.12358           
0.09832396646        0.2782942448         0.04764579907        0.002988714779       -0.004440124718      1066.675736          87.42158594          802.8689092         
0.09818681492        0.2765164137         0.04722235682        -0.000715201303      0.0007404613182      1066.429826          87.58283051          804.6142385         
0.09818559687        0.2747158494         0.04692816844        0.0009228601014      -0.0001828227925     1066.10999           87.79254928          806.3595677         
0.09881777197        0.2703372127         0.04466906834        -0.002798290883      0.005392930603       1065.490072          88.19903345          808.104897          
0.09892614876        0.2682756256         0.04425014491        -0.0002467407158     2.850383671e-05      1065.113284          88.44609586          809.8502262         
0.09877643164        0.2664298987         0.04376562452        0.001419695163       -0.002346759143      1064.873852          88.60309318          811.5955555         
0.09905489138        0.263848126          0.04297749912        -0.007237811388      0.01183055856        1064.423197          88.89859022          813.3408847         
0.09961632707        0.2599244531         0.04117146035        0.003553349435       -0.004620943754      1063.846713          89.27659496          815.086214          
0.09950457487        0.2580546099         0.04083426538        -0.001729586316      0.002222914321       1063.564132          89.46188468          816.8315432         
0.0994016664         0.2561938268         0.04050618465        0.003398925317       -0.004285770156      1063.278354          89.64927126          818.5768725         
0.09996715852        0.2522302856         0.03871435262        -0.007925420258      0.01262203867        1062.704386          90.02562577          820.3222017         
0.1002276864         0.2496213239         0.03798759472        0.0009071648531      -0.00161117779       1062.257624          90.31857075          822.067531          
0.1000623123         0.2476430519         0.03748147691        -0.0007007928882     0.0006797896336      1062.00765           90.48248051          823.8128602         
0.1001806778         0.2454789253         0.03705531892        -0.004427818821      0.007654923136       1061.621619          90.73560363          825.5581895         
0.1008019086         0.2410855219         0.03503554231        0.0006021707596      0.0001601665983      1061.025288          91.12662146          827.3035187         
0.1007708954         0.2390963986         0.03473824459        -0.002367179732      0.003092035102       1060.69356           91.34413784          829.048848          
0.1006073706         0.2370823575         0.03429359788        0.003305286302       -0.004678550525      1060.424047          91.52085915          830.7941772         
0.1010450218         0.2337492066         0.03311546896        -0.0114177334        0.01737334338        1059.912799          91.85608746          832.5395065         
0.1014691502         0.2304350869         0.03198351718        0.003015204096       -0.004334227507      1059.405067          92.18901116          834.2848357         
0.1012943755         0.2283464251         0.0315230567         -0.002880933567      0.003789483711       1059.131651          92.36829133          836.030165          
0.1012728583         0.2263115779         0.0312216816         -0.0002469823535     0.00148557467        1058.792177          92.59088702          837.7754942         
0.1018894273         0.2218853135         0.02934491794        -0.00559685849       0.009057614422       1058.210219          92.97248055          839.5208235         
0.1019844065         0.2196137833         0.02895461496        -0.002171572283      0.002741139779       1057.821344          93.22746818          841.2661528         
0.1017932784         0.2174227528         0.02842723056        0.0005712241443      -0.001062170855      1057.552968          93.40344405          843.011482          
0.102065298          0.2146806619         0.02775649665        -0.01151827139       0.01741980222        1057.104777          93.69732598          844.7568113         
0.1026156522         0.2106791675         0.02627154152        0.003597431821       -0.0044865244        1056.558048          94.05581982          846.5021405         
0.1024696033         0.2085210979         0.02591383976        -0.004944643905      0.00664767686        1056.249481          94.25814942          848.2474698         
0.1023344352         0.2063795364         0.02556458251        0.003413890933       -0.00404253232       1055.938334          94.46217053          849.992799          
0.1028887828         0.202339266          0.02411664455        -0.01286748804       0.01905492822        1055.395748          94.81794774          851.7381283         
0.1031416558         0.1995624958         0.02350276843        -0.0004522664041     0.0003549610687      1054.950456          95.10992862          853.4834575         
0.1029300039         0.1972066166         0.02296224681        -0.003284765731      0.004241617593       1054.670003          95.29382345          855.2287868         
0.1030366581         0.1948379501         0.02258374168        -0.008103820473      0.01266897297        1054.274102          95.55341835          856.974116          
0.1036428252         0.1903818018         0.02098066871        -0.001077188221      0.002593336839       1053.716863          95.91880315          858.7194453         
0.1035865646         0.1881365226         0.02068681338        -0.006468465228      0.008651267027       1053.364308          96.14997563          860.4647745         
0.1033789091         0.1857686742         0.02021969151        0.00337732272        -0.004451861316      1053.0652            96.34610282          862.2101038         
0.1038106989         0.1823200266         0.0192971803         -0.01816218992       0.02625082064        1052.573186          96.66871963          863.955433          
0.1042284358         0.1788835579         0.01840541201        0.002812933291       -0.00377206292       1052.083181          96.99001887          865.7007623         
0.1040059086         0.1764188912         0.01793085319        -0.007755643331      0.01031848112        1051.779133          97.18938567          867.4460915         
0.1039614473         0.1741317288         0.01763987083        -0.002294183403      0.004656692618       1051.420023          97.42485623          869.1914208         
0.1045629235         0.1696358225         0.01621669451        -0.01063122873       0.01588242854        1050.878495          97.77993941          870.93675           
0.104643296          0.1671472312         0.0158818652         -0.006539053577      0.008632227504       1050.478912          98.04194908          872.6820793         
0.1043977598         0.1645253324         0.0153424984         -0.001493053554      0.001897769646       1050.177736          98.23943179          874.4274085         
0.1046648781         0.1616249052         0.01482959323        -0.0191148012        0.02771139162        1049.734675          98.52994951          876.1727378         
0.1052049291         0.1575288667         0.01373050836        0.003499865602       -0.003795040719      1049.220316          98.86721805          877.918067          
0.1050172061         0.1550334801         0.01338083243        -0.01254040533       0.01665353264        1048.883684          99.08794995          879.6633963         
0.1048437005         0.1525649578         0.01303627982        0.003389547301       -0.003218322888      1048.54535           99.30979794          881.4087255         
0.1053873967         0.1484348755         0.01200514572        -0.02215754205       0.03153378302        1048.036738          99.64329828          883.1540548         
0.1056337708         0.1454902884         0.01154674844        -0.003752499506      0.004967235083       1047.595434          99.93266389          884.8993841         
0.1053604452         0.1426561283         0.0110219907         -0.009677523111      0.0126781193         1047.280214          100.1393559          886.6447133         
0.1054558406         0.1400801044         0.01072640011        -0.01494753796       0.02254621583        1046.87612           100.4043232          888.3900426         
0.1060463739         0.1355461596         0.009630260839       -0.004553953036      0.007981001169       1046.360211          100.7426075          890.1353718         
0.1059610906         0.1330173917         0.009374827151       -0.01679254251       0.02211661603        1045.986449          100.9876859          891.8807011         
0.1056970808         0.1302099578         0.008937595201       0.003293835329       -0.00345727643       1045.654201          101.2055431          893.6260303         
0.1061245044         0.1266535533         0.00833633725        -0.03160460585       0.04460660952        1045.184286          101.5136691          895.3713596         
0.1065370993         0.1230973523         0.007748328959       0.001982496937       -0.001870786736      1044.714801          101.8215135          897.1166888         
0.1062527701         0.120164553          0.007327747496       -0.02094959079       0.02726909713        1044.376216          102.0435264          898.8620181         
0.1061838669         0.1176015735         0.007086646814       -0.006319317         0.01173481314        1043.997419          102.2919058          900.6073473         
0.1067670567         0.113042339          0.006221287013       -0.02163559304       0.03143162905        1043.49841           102.6191093          902.3526766         
0.1068328536         0.1103338515         0.005987752691       -0.01845216047       0.02420086784        1043.089546          102.8872042          904.0980058         
0.1065146384         0.1071627291         0.005528955884       -0.007577390222      0.01028876968        1042.750715          103.1093776          905.8433351         
0.10677971           0.1041295719         0.005229585218       -0.0352975578        0.05087188267        1042.315545          103.3947214          907.5886643         
0.107306229          0.09995742622        0.004608119141       0.002773873623       -0.0009216601072     1041.835932          103.7092068          909.3339936         
0.1070690061         0.09706582493        0.004341393771       -0.03557010059       0.04583284778        1041.468693          103.9500077          911.0793228         
0.106852513          0.09421321408        0.004071658125       0.003320241284       -0.000183604209      1041.100977          104.1911217          912.8246521         
0.1073798391         0.09004069732        0.003551621448       -0.04433258097       0.06270004048        1040.628659          104.5008239          914.5699813         
0.1076217445         0.08695353242        0.003306414167       -0.01404099851       0.01906564693        1040.193927          104.78588            916.3153106         
0.1072672468         0.0835239173         0.002932997969       -0.03162431924       0.04036385284        1039.838575          105.018887           918.0606398         
0.1073563753         0.0807670306         0.002773154354       -0.03068466779       0.04788472214        1039.428094          105.288042           919.8059691         
0.1079202143         0.07622679222        0.002288202782       -0.01499016525       0.02524384201        1038.955228          105.5981029          921.5512983         
0.1078067321         0.07340355741        0.002142939694       -0.05258605898       0.06735351272        1038.559796          105.8573905          923.2966276         
0.1074762193         0.0700724552         0.00186819849        0.001125464306       0.002719600209       1038.190107          106.0997983          925.0419568         
0.1078972138         0.06650629843        0.001648927887       -0.06636921612       0.09630990422        1037.744968          106.3916787          926.7872861         
0.1083026452         0.06289750022        0.001427559445       -0.003426020075      0.008303815952       1037.298565          106.6843877          928.5326154         
0.1079453839         0.05943215145        0.001215455822       -0.07589087204       0.09504536858        1036.920736          106.932133           930.2779446         
0.1078645394         0.05661127301        0.001099707367       -0.0167064749        0.03621139124        1036.522206          107.1934516          932.0232739         
0.1084100573         0.0521457897         0.0008576203662      -0.05667409606       0.08633445045        1036.066896          107.4920013          933.7686031         
0.1084721167         0.04926121398        0.0007819840481      -0.06612901724       0.08628543802        1035.650186          107.765241           935.5139324         
0.1080686019         0.0454729908         0.0006007748771      -0.04513806331       0.0584765032         1035.267842          108.0159462          937.2592616         
0.1083482693         0.04246249941        0.0005402127593      -0.07094655631       0.1221606327         1034.843099          108.2944528          939.0045909         
0.1088483379         0.03835226341        0.0004223878479      -0.01598759927       0.0335049242         1034.39951           108.5853171          940.7499201         
0.1085745927         0.03509131768        0.0003592562844      -0.1315910391        0.1716287756         1033.998684          108.8481414          942.4952494         
0.108354568          0.03191940624        0.0002918023462      -0.0177923354        0.05072687845        1033.599027          109.1101987          944.2405786         
0.1088493597         0.02797358419        0.0002458290443      -0.06234341501       0.1489177222         1033.163777          109.3955951          945.9859079         
0.1091179176         0.02482272367        0.000223786435       -0.06344476973       0.09635826524        1032.73727           109.6752586          947.7312371         
0.1086845761         0.02082824104        0.0001867011136      -0.1095439483        0.161081882          1032.335205          109.9388954          949.4765664         
0.1088882049         0.01845620511        0.0001807558553      0.02017772958        0.1391141663         1031.919461          110.2115011          951.2218956         
0.1094080804         0.01411232191        0.000175542864       0.008395889086       0.1424504678         1031.48785           110.4945114          952.9672249         
0.1094194705         0.01136766472        0.0001745364616      -0.05779178366       0.1464227042         1031.068699          110.7693512          954.7125541         
0.1095098799         0.01109873675        0.0001745329255      0.05808754624        0.1464251798         1030.860695          111.0404274          956.4578834         
